1e-300
9.313226e-10
2.980232e-08
2.263114e-07
9.536743e-07
2.910383e-06
7.241964e-06
1.565274e-05
3.051758e-05
5.499367e-05
9.313226e-05
0.0001499904
0.0002317429
0.0003457936
0.0005008876
0.0007072231
0.0009765625
0.001322345
0.001759797
0.002306047
0.002980232
0.003803615
0.004799694
0.005994312
0.007415771
0.009094947
0.01106539
0.01336346
0.0160284
0.0191025
0.02263114
0.02666297
0.03125
0.03644767
0.04231504
0.04891481
0.05631351
0.06458159
0.0737935
0.08402783
0.09536743
0.1078995
0.1217157
0.1369123
0.1535902
0.1718552
0.191818
0.2135942
0.2373047
0.2630756
0.2910383
0.3213298
0.3540926
0.3894749
0.4276308
0.4687201
0.5129089
0.5603694
0.6112799
0.6658251
0.7241964
0.7865916
0.8532152
0.9242786
